20
0.05 0.05 0.05 0.05 0.05 0.05 0.05 0.05 0.05 0.05 0.05 0.05 0.05 0.05 0.05 0.05 0.05 0.05 0.05 0.05 
10
0.1 0.1 0.1 0.1 0.1 0.1 0.1 0.1 0.1 0.1 

8
0 1 2 3 4 6 8 9 
10
0 1 2 3 4 5 6 7 8 9 
10
0 1 2 3 4 5 6 7 8 9 
10
0 1 2 3 4 5 6 7 8 9 
10
0 1 2 3 4 5 6 7 8 9 
10
0 1 2 3 4 5 6 7 8 9 
10
0 1 2 3 4 5 6 7 8 9 
10
0 1 2 3 4 5 6 7 8 9 
8
1 2 3 4 5 7 8 9 
7
1 2 3 4 6 8 9 
10
0 1 2 3 4 5 6 7 8 9 
7
1 2 3 4 5 8 9 
8
1 2 3 4 5 7 8 9 
10
0 1 2 3 4 5 6 7 8 9 
10
0 1 2 3 4 5 6 7 8 9 
9
1 2 3 4 5 6 7 8 9 
8
0 1 2 3 4 5 6 8 
10
0 1 2 3 4 5 6 7 8 9 
6
0 1 2 4 5 9 
9
0 1 2 4 5 6 7 8 9 
