20
0.05 0.05 0.05 0.05 0.05 0.05 0.05 0.05 0.05 0.05 0.05 0.05 0.05 0.05 0.05 0.05 0.05 0.05 0.05 0.05 
10
0.1 0.1 0.1 0.1 0.1 0.1 0.1 0.1 0.1 0.1 

6
0 2 3 4 6 9 
10
0 1 2 3 4 5 6 7 8 9 
8
1 2 3 4 6 7 8 9 
9
0 1 2 3 4 6 7 8 9 
7
0 1 5 6 7 8 9 
8
1 2 3 4 5 6 7 8 
7
0 1 2 3 5 6 8 
8
0 1 2 3 5 7 8 9 
9
0 1 2 3 4 5 6 7 9 
5
1 2 6 8 9 
8
0 1 3 4 6 7 8 9 
9
0 1 2 3 4 5 6 8 9 
8
0 1 2 4 5 6 7 9 
6
2 3 5 6 8 9 
10
0 1 2 3 4 5 6 7 8 9 
10
0 1 2 3 4 5 6 7 8 9 
8
0 2 3 5 6 7 8 9 
7
1 2 4 5 6 8 9 
7
1 2 3 4 6 7 9 
8
0 1 2 4 5 6 7 8 
